;;;; 0,30 0,50 0,20 0,70 0,20 0,45 0,30 0,80 0,10
;;;; ;;;; 0,60 0,20 0,30 0,15 0,34 0,55 0,12 0,90
;;;; ;;;; ;;;; 0,90 0,50 0,45 0,60 0,20 0,40 0,30
;;;; ;;;; ;;;; ;;;; 0,30 0,20 0,10 0,15 0,60 0,80
;;;; ;;;; ;;;; ;;;; ;;;; 0,90 0,37 0,64 0,49 0,70
;;;; ;;;; ;;;; ;;;; ;;;; ;;;; 0,30 0,50 0,20 0,70 
;;;; ;;;; ;;;; ;;;; ;;;; ;;;; ;;;; 0,60 0,20 0,30
;;;; ;;;; ;;;; ;;;; ;;;; ;;;; ;;;; ;;;; 0,90 0,50
;;;; ;;;; ;;;; ;;;; ;;;; ;;;; ;;;; ;;;; ;;;; 0,30
;;;; ;;;; ;;;; ;;;; ;;;; ;;;; ;;;; ;;;; ;;;; ;;;;
